#dress
0a69db60-c052-4b9a-a90d-e53120d091d5;110,49,124,306
0b5f7f85-fa44-4406-91ed-6b730e4b6fa1;4,80,384,401
0ba71e2a-4941-4c09-952e-e32895840d34;15,175,382,270
0d3cf39f-78f1-440e-9504-f510e75aff0b;63,104,247,387
0d639320-434a-469f-a9b7-d1f8e3b1f22a;37,56,291,467
1bb8d90d-2b00-4623-9bfe-2ffac4f7d17f;143,7,234,371
1c22dfec-9633-4d10-88f5-b6cad5b27dfc;39,71,327,318
1da10477-cb53-4506-b54c-1ad949002e35;92,78,252,345
2a711e77-ef04-47ca-8b5c-f1729d0ce04e;75,115,215,416
2adf987d-a985-4023-81d4-adf9368ca251;56,72,274,432
2b66fdb1-33dd-445f-a422-b17fbe543483;74,52,291,389
2bc3b252-bec7-4dbc-beb3-f7977e71000f;66,82,276,424
2fdb7ce2-a2f1-4d1d-9e8f-345c28b5b25d;73,42,260,471
3b384197-7b19-464b-8bd7-823d4128ce74;61,81,253,423
3bc76eb3-1fd9-4244-80f0-e9fcd982c64c;160,0,190,396
3bdee391-66e0-4ea8-a2f2-8086a631c907;52,43,258,486
3c4bedd6-1073-4d9d-bb06-031f865f0846;0,78,400,331
3d12283a-fd39-4f2b-a8f9-da9f1d5bdae5;0,21,400,478
3fc1c8b5-a541-4e74-9778-f1af27465f5e;18,141,355,535
04f0b07f-4b9f-4c55-bc5d-b693658fb32c;0,53,400,480
4a999110-5b25-48d1-89eb-6d25c38d9db6;57,61,219,454
4b8e5d41-3e12-4d2b-8634-e62e71d613ff;52,26,288,638
4b72d5a8-4a05-4df9-ab95-2404cfff4c03;48,21,298,499
4c1acd5c-80bc-4f85-adb4-404f553ca881;112,175,266,309
4c60802b-fe0c-4cc8-a36e-0c6bde058bea;106,19,240,514
4e788cda-1b2a-43dd-ad4f-8a275475ea88;63,44,223,480
4eb4072c-8da5-4667-9cb2-e670ee65bc07;0,164,400,429
4f531375-ea12-4f45-b5bc-f206088fbf5a;1,11,400,462
#hat
00d94e21-5891-492e-be0e-792e7338c077;68,71,260,381
1aac00cd-b42a-40f1-a82a-dcc44a0879d4;47,27,269,303
1ea1d5e8-6613-442b-822c-f10319d14da3;46,60,265,414
1febd681-151b-4c8c-baff-ddc52d16c6c0;65,51,299,407
2c923fb1-4bee-41dc-b393-973cd1a03bbf;47,76,285,376
2c3533f9-2998-4c22-aa81-d0e519cc6669;11,157,386,362
2d6afa47-fd6f-4b2b-9e51-010280547753;68,153,315,277
2d39c5f2-3441-4c9d-8dc7-00b940fa64a3;15,68,345,442
2f96b4e8-3af7-4b3f-9488-69a51df7a917;55,39,336,465
3d1948c4-067b-4f07-9310-7becd16dbd0f;18,33,374,471
3f50fdef-ce2c-4409-b2a1-92497179f86f;55,75,283,411
4ac3d6f0-a7e6-4197-899f-d3a65ae1ba7d;77,21,387,330
5d127258-049e-41c0-944f-2bcba5e4a564;19,185,276,307
5dd38f14-8fcc-415c-a07f-6712df46ac4c;46,98,270,383
5ddedf0c-2cfa-4285-b384-d39505a815a4;41,139,352,247
5e6fbee0-4783-4744-a6ba-e37a56e7d347;29,48,317,428
5e944547-5d37-4b1a-a544-64a250377e4d;48,89,298,379
5ee53ada-dcce-4c0a-ba69-d0e8881985e3;42,41,341,414
5f36ec16-d10a-4952-bba7-bcf2923ca5f6;24,68,295,401
6a09b559-bca5-444f-b433-e3aff6197b5c;201,103,182,209
6bf2943b-8632-4133-8072-2f5106d09aa9;66,118,258,226
6cc3d16a-545e-49a0-922d-dbe014dac610;104,178,173,159
7b9bdb6d-e380-4f48-9bc0-e3233a556849;37,114,326,281
7be69850-c705-4e3f-b815-a3940a0a619d;48,15,300,452
7cd2e634-94bf-43f8-a95b-a840e7f79bf1;10,181,390,429
7ed099ea-7a28-4b95-97a5-aac86e19cdbd;177,91,427,292
8a123238-58ae-43bc-91ef-63c2a34df63f;38,65,259,319
8aefb1be-0bee-443c-83ba-eea331a5c27f;44,98,337,380
#pants
0a7e5fe0-d592-40e6-b9b8-75aac9a2d685;57,75,290,419
0ad5bfb5-0f2b-4396-8c05-39ca0a9a2960;67,75,313,389
0c2eb9ff-7f26-492d-9957-0d845669685f;32,32,318,493
0c99f0b4-3a0d-4d24-bfdd-e9e98914892c;74,30,237,503
0c224954-0e0f-4caa-82c8-cf9581e89336;78,24,251,488
0ccc318a-7d69-4d7f-a442-aac1f88bc453;28,33,358,436
0db5a848-2066-436f-bd21-8b3585b391a5;1,84,399,525
0e3d71f8-7677-4cd4-ba24-4788c3890ac1;72,66,273,380
0e27351a-13d0-41a6-b731-4090b368d656;64,85,272,399
0e684087-83bf-4153-90f4-6f7ba6f25338;39,16,273,494
0fe5eeb6-316f-4f60-b604-8a1b25e23433;23,46,374,473
1a08f33a-2ff4-4fb8-920b-8ff514bcdda8;79,7,214,510
1c9a6bc0-d29e-4e2b-8d00-d19e4d77a380;44,27,309,490
1ca03195-b1e8-4c47-85de-81a942ea561e;37,35,276,492
1caba263-088a-448a-be6d-30072c29af09;44,25,283,489
1d42c614-19d5-4515-8ef9-0bf551a601c0;97,12,262,493
1d226430-72e6-4be7-998e-604df0fae43d;0,63,400,430
1d407629-87e5-4702-b9fc-e3b19de93570;55,44,289,387
1e9ba1e2-eefe-4853-ab05-63598cb144f1;69,27,249,474
1ed97cea-53f2-4342-8ac2-9083c936eef6;37,104,360,607
1faab1ac-d8d4-4711-adbb-7812d7513d41;54,55,299,478
2a1f8d1f-301c-4a6d-87e1-fab1660a6a82;8,81,389,400
2ade25ae-89ae-4ba7-9bd7-761c55850e97;38,46,339,462
2adfd297-5e23-449b-bb28-b35a361b4645;82,56,264,422
2c54ae46-0d68-4bca-a225-bbef7b34b640;76,9,269,504
2ddda978-3941-444b-87ac-8ff4f2806da6;42,55,356,412
2dff871a-a18a-4ab7-bbd2-cfdd1544b3fa;75,3,261,530
2e6adbec-b34f-4c40-b59a-cafc84658797;65,34,257,488
#shoes
00f6e504-7c27-438e-a5d7-bc65e557bb2b;67,60,257,333
0a30baec-1938-47c5-b495-68a51701b43d;13,87,346,359
0bacb2c4-3d90-4835-b23e-aa7c2284d1bc;134,64,265,262
0e6871ee-7246-48ad-a356-a7fdde9878d2;84,130,209,324
0fd66046-0879-42ab-be2e-a919c8a82aab;17,37,469,310
01c5cb43-4ce1-4d08-8b71-c0a20ba94a63;85,126,195,254
1e3ce182-d152-4476-8b6c-be3be197debf;46,198,302,355
1ece3817-f6ca-46a2-b514-f2d3de572399;27,90,328,251
2d77ba82-6ebd-4cb0-8e3b-338414051968;6,14,370,488
2dfbea36-6802-473c-b948-60a1e6181534;15,52,310,476
2fb68610-0213-47ed-b7a3-f8268ffff8f9;51,63,270,319
3a5f03b9-9afb-4fd4-bc3e-2eb56f83801d;51,98,2885,335
3ad2f431-cc51-45af-9e4c-8b13f3b6772c;47,118,331,298
3b86d877-2b9e-4c8b-a6a2-1d87513309d0;137,43,390,323
3c4df256-fc57-4379-8368-0c1fa0effcae;28,47,299,438
3cf61c2b-7afa-4e63-8cbf-c163290dc67b;39,87,309,366
3ddf90e9-73ff-4abf-ac1d-b7480f584a77;27,72,482,317
3ebf66af-1f51-4e17-ba48-6e256d1595e5;55,183,331,247
04dd77eb-4233-4a57-9b0e-3136ecf6967e;47,1,404,365
04fa06fb-d71a-4293-9804-fe799375a682;4,78,394,292
4cb4760c-7685-4aa7-9338-6ffbc011f353;85,109,223,298
4cf8f135-48d4-49e9-9bd6-1c00759b9d3b;13,44,322,484
4dc09b5c-9009-4e75-8432-150b0fab4aac;68,192,238,228
5fea042c-f2ac-4523-a813-fc0eae2d9472;74,53,228,368
6b4278ed-f15b-4989-ac9e-0dbf4361d6e0;43,51,315,355
6d36bed9-c236-4bc0-81af-99bc657419bc;81,15,227,368
7b400ce0-c065-4051-9b40-ce5c39dddc9d;36,107,335,420
7cad8857-e522-4cc5-9985-caa87bb3d300;73,86,236,372